# Strategy Permutation Test Results

**Generated**: 2026-01-16 15:30:45
**Test Duration**: 2 days per backtest
**Strategies Tested**: 10
**Total Permutations**: 1024
**Symbol**: BTCUSDT

## Strategy Legend

| Code | Strategy Name |
|------|---------------|
| 00 | `MOMENTUM_ACCELERATION` |
| 01 | `TREND_CONFIRMATION` |
| 02 | `DYNAMIC_NEUTRAL_RANGE` |
| 03 | `IMPROVED_CONFIDENCE` |
| 04 | `VOLATILITY_FILTER` |
| 05 | `PULLBACK_ENTRY` |
| 06 | `TIGHT_SPREAD_FILTER` |
| 07 | `CORRELATION_CHECK` |
| 08 | `TIME_FILTER` |
| 09 | `MULTIFRAME_CONFIRMATION` |

## Summary Statistics

### Win Rate
- Best: **58.3%**
- Worst: **48.1%**
- Average: **52.8%**
- Median: **52.5%**

### Total P&L
- Best: **$1,245.67**
- Worst: **-$340.50**
- Average: **$621.30**
- Median: **$580.45**

### Return on Risk (PnL / Max Drawdown)
- Best: **3.45**
- Worst: **-0.65**
- Average: **1.82**
- Median: **1.75**

### Trade Count
- Max: **87**
- Min: **32**
- Average: **58.5**

## Top 20 Strategies by Return on Risk

| Rank | Strategies | Win% | P&L | Drawdown | RoR | PF | Trades |
|------|-----------|------|-----|----------|-----|----|------------|
| 1 | `1010110111` | 56.8% | $1240.50 | $360.25 | 3.45 | 2.15 | 81 |
| 2 | `1011110111` | 57.1% | $1210.30 | $375.60 | 3.22 | 2.08 | 79 |
| 3 | `1010111111` | 55.9% | $980.40 | $340.20 | 2.88 | 1.92 | 73 |
| 4 | `1110110111` | 58.3% | $1180.25 | $420.80 | 2.80 | 2.05 | 85 |
| 5 | `1010110110` | 56.2% | $920.60 | $360.75 | 2.55 | 1.88 | 68 |
| 6 | `1111110111` | 57.4% | $1100.45 | $480.30 | 2.29 | 1.95 | 87 |
| 7 | `1010100111` | 55.3% | $850.75 | $395.40 | 2.15 | 1.78 | 64 |
| 8 | `1101110111` | 56.5% | $920.30 | $450.60 | 2.04 | 1.85 | 76 |
| 9 | `1010110101` | 54.8% | $780.20 | $405.50 | 1.92 | 1.72 | 58 |
| 10 | `1010010111` | 55.1% | $750.45 | $420.80 | 1.78 | 1.68 | 61 |
| 11 | `1110111111` | 58.0% | $1050.60 | $625.40 | 1.68 | 1.92 | 89 |
| 12 | `1011101111` | 56.7% | $920.40 | $550.30 | 1.67 | 1.88 | 77 |
| 13 | `1010111011` | 55.4% | $810.25 | $490.60 | 1.65 | 1.75 | 71 |
| 14 | `0110110111` | 54.2% | $720.30 | $450.80 | 1.60 | 1.62 | 63 |
| 15 | `1010110001` | 53.8% | $680.50 | $430.40 | 1.58 | 1.58 | 56 |
| 16 | `1111101111` | 57.1% | $980.60 | $620.80 | 1.58 | 1.88 | 84 |
| 17 | `1010101111` | 55.0% | $720.45 | $480.30 | 1.50 | 1.70 | 68 |
| 18 | `1101011111` | 56.3% | $880.70 | $595.40 | 1.48 | 1.82 | 79 |
| 19 | `0110111111` | 54.5% | $680.80 | $470.60 | 1.45 | 1.65 | 62 |
| 20 | `1011111111` | 57.9% | $950.40 | $660.20 | 1.44 | 1.90 | 86 |

## Top 20 Strategies by Total P&L

| Rank | Strategies | Win% | P&L | Drawdown | RoR | PF | Trades |
|------|-----------|------|-----|----------|-----|----|------------|
| 1 | `1010110111` | 56.8% | $1240.50 | $360.25 | 3.45 | 2.15 | 81 |
| 2 | `1011110111` | 57.1% | $1210.30 | $375.60 | 3.22 | 2.08 | 79 |
| 3 | `1111110111` | 57.4% | $1180.25 | $420.80 | 2.80 | 2.05 | 87 |
| 4 | `1110110111` | 58.3% | $1100.45 | $480.30 | 2.29 | 1.95 | 85 |
| 5 | `1010111111` | 55.9% | $1050.60 | $625.40 | 1.68 | 1.92 | 89 |
| 6 | `1110111111` | 58.0% | $980.60 | $620.80 | 1.58 | 1.88 | 84 |
| 7 | `1011101111` | 56.7% | $950.40 | $660.20 | 1.44 | 1.90 | 86 |
| 8 | `1011111111` | 57.9% | $920.40 | $550.30 | 1.67 | 1.88 | 77 |
| 9 | `1101110111` | 56.5% | $920.30 | $450.60 | 2.04 | 1.85 | 76 |
| 10 | `1010110110` | 56.2% | $920.60 | $360.75 | 2.55 | 1.88 | 68 |
| 11 | `1101011111` | 56.3% | $880.70 | $595.40 | 1.48 | 1.82 | 79 |
| 12 | `1010100111` | 55.3% | $850.75 | $395.40 | 2.15 | 1.78 | 64 |
| 13 | `1010111011` | 55.4% | $810.25 | $490.60 | 1.65 | 1.75 | 71 |
| 14 | `1010010111` | 55.1% | $780.45 | $420.80 | 1.78 | 1.68 | 61 |
| 15 | `1010110101` | 54.8% | $750.20 | $405.50 | 1.92 | 1.72 | 58 |
| 16 | `0110110111` | 54.2% | $720.30 | $450.80 | 1.60 | 1.62 | 63 |
| 17 | `1010101111` | 55.0% | $720.45 | $480.30 | 1.50 | 1.70 | 68 |
| 18 | `0110111111` | 54.5% | $680.80 | $470.60 | 1.45 | 1.65 | 62 |
| 19 | `1010110001` | 53.8% | $680.50 | $430.40 | 1.58 | 1.58 | 56 |
| 20 | `1111101111` | 57.1% | $650.60 | $410.80 | 1.58 | 1.88 | 74 |

## Top 20 Strategies by Win Rate

| Rank | Strategies | Win% | P&L | Drawdown | RoR | PF | Trades |
|------|-----------|------|-----|----------|-----|----|------------|
| 1 | `1110110111` | 58.3% | $1100.45 | $480.30 | 2.29 | 1.95 | 85 |
| 2 | `1110111111` | 58.0% | $980.60 | $620.80 | 1.58 | 1.88 | 84 |
| 3 | `1011111111` | 57.9% | $920.40 | $550.30 | 1.67 | 1.88 | 77 |
| 4 | `1111110111` | 57.4% | $1180.25 | $420.80 | 2.80 | 2.05 | 87 |
| 5 | `1011110111` | 57.1% | $1210.30 | $375.60 | 3.22 | 2.08 | 79 |
| 6 | `1111101111` | 57.1% | $650.60 | $410.80 | 1.58 | 1.88 | 74 |
| 7 | `1010110111` | 56.8% | $1240.50 | $360.25 | 3.45 | 2.15 | 81 |
| 8 | `1011101111` | 56.7% | $950.40 | $660.20 | 1.44 | 1.90 | 86 |
| 9 | `1101110111` | 56.5% | $920.30 | $450.60 | 2.04 | 1.85 | 76 |
| 10 | `1101011111` | 56.3% | $880.70 | $595.40 | 1.48 | 1.82 | 79 |
| 11 | `1010110110` | 56.2% | $920.60 | $360.75 | 2.55 | 1.88 | 68 |
| 12 | `1010111011` | 55.4% | $810.25 | $490.60 | 1.65 | 1.75 | 71 |
| 13 | `1010100111` | 55.3% | $850.75 | $395.40 | 2.15 | 1.78 | 64 |
| 14 | `1010111111` | 55.9% | $1050.60 | $625.40 | 1.68 | 1.92 | 89 |
| 15 | `1010010111` | 55.1% | $780.45 | $420.80 | 1.78 | 1.68 | 61 |
| 16 | `1010101111` | 55.0% | $720.45 | $480.30 | 1.50 | 1.70 | 68 |
| 17 | `0110111111` | 54.5% | $680.80 | $470.60 | 1.45 | 1.65 | 62 |
| 18 | `0110110111` | 54.2% | $720.30 | $450.80 | 1.60 | 1.62 | 63 |
| 19 | `1010110101` | 54.8% | $750.20 | $405.50 | 1.92 | 1.72 | 58 |
| 20 | `1010110001` | 53.8% | $680.50 | $430.40 | 1.58 | 1.58 | 56 |

## Strategy Impact Analysis

Average metrics when each strategy is ENABLED vs DISABLED:

| Strategy | Enabled | Disabled | Difference |
|----------|---------|----------|------------|
| MOMENTUM_ACCELERATION | RoR: 2.15 | RoR: 1.68 | 📈 +0.47 |
| TREND_CONFIRMATION | RoR: 1.95 | RoR: 1.78 | 📈 +0.17 |
| DYNAMIC_NEUTRAL_RANGE | RoR: 2.08 | RoR: 1.62 | 📈 +0.46 |
| IMPROVED_CONFIDENCE | RoR: 2.05 | RoR: 1.68 | 📈 +0.37 |
| VOLATILITY_FILTER | RoR: 2.45 | RoR: 1.45 | 📈 +1.00 |
| PULLBACK_ENTRY | RoR: 2.35 | RoR: 1.52 | 📈 +0.83 |
| TIGHT_SPREAD_FILTER | RoR: 2.10 | RoR: 1.70 | 📈 +0.40 |
| CORRELATION_CHECK | RoR: 1.95 | RoR: 1.80 | 📈 +0.15 |
| TIME_FILTER | RoR: 2.22 | RoR: 1.55 | 📈 +0.67 |
| MULTIFRAME_CONFIRMATION | RoR: 1.92 | RoR: 1.85 | 📈 +0.07 |

## Key Insights

### Most Impactful Strategies (by RoR improvement)
1. **VOLATILITY_FILTER** (+1.00) - CRITICAL
2. **PULLBACK_ENTRY** (+0.83) - VERY HIGH
3. **TIME_FILTER** (+0.67) - HIGH
4. **MOMENTUM_ACCELERATION** (+0.47) - MEDIUM-HIGH
5. **DYNAMIC_NEUTRAL_RANGE** (+0.46) - MEDIUM-HIGH

### Recommended Strategy Configuration
Based on best performers: `1010110111`
- ✓ Momentum Acceleration
- ✓ Trend Confirmation
- ✓ Dynamic Neutral Range
- ✓ Improved Confidence
- ✓ Volatility Filter
- ✓ Pullback Entry
- ✓ Tight Spread Filter
- ✓ Correlation Check
- ✓ Time Filter
- ✗ Multi-timeframe (low impact)

This configuration achieves:
- **Win Rate**: 56.8% (+5.2% vs baseline)
- **P&L**: $1,240.50 (+63.8% vs baseline)
- **RoR**: 3.45 (+379% vs baseline)
- **Max Drawdown**: $360.25 (-65.7% vs baseline)

### Least Impactful Strategies
1. **Multi-timeframe Confirmation** (+0.07)
2. **Correlation Check** (+0.15)
3. **Trend Confirmation** (+0.17)

These can be disabled to reduce complexity without significant performance loss.

---

**NOTE**: This is an example report. Run `python test_all_strategies.py --quick` to generate actual results.
